size_of_region_before_transformation[size_of_region_after_transformation] applied_transformation

S = scaling, R = rotation, V = vertical elongation, H = horizontal elongation, VS = vertical skew, HS = horizontal skew

TRANSLATION

001 2122
002 1470 4158
003 2256
004 998 (2)
005 9852 
006 19784
007 1249 1356
008 360
009 3540
010 403
011 1282
012 7380
013 11873
014 2458
015 14186
016 2632
017 3927
018 1122
019 1122 701 411
020 701 (3)
021 2536
022 841 (2)
023 2624 415 183
024 28405
025 1589 (2)
026 3369
027 4340 (2)
028 15478
029 10376
030 4928 (2)
031 1651
032 2410
033 3564
034 13683
035 37208
036 1316
037 726
038 2921 (2)
039 2122 1037
040 22865

ROTATION

041 998[998] R180
042 998[998] R180 998[998] R180
043 3540[3647] R10
044 3540[3654] R2
045 403[419] R2
046 1282[1282] R180
047 1282[1282] R90
048 11873[12196] R2
049 2458[2576] R2
050 14186[14490] R2
051 14186[14690] R4
052 14186[14492] R-4
053 3927[4061] R5
054 3927[4055] R-7 3927[4061] R5
055 701[800] R3
056 701[798] R5 701[800] R-3 701[800] R3
057 1122[1236] R-80
058 2536[2666] R2
059 3369[3401] R7
060 2107[2277] R10
061 15478[15838] R40
062 10376[10571] R50
063 2632[2632] R180
064 37542[37601] R2
065 5264[5287] R5
066 1241[1317] R10 1241[1324] R30
067 1079[1068] R2 1110[1110] R180
068 7611[7611] R180
069 3616[3602] R3
070 1037[1024] R-3
071 1651[1707] R3
072 2449[2410] R2
073 37208[37413] R-1
074 18731[18796] R4
075 22865[23220] R-3
076 726[726] R-1
077 1316[1409] R2
078 3369[3407] R2 3369[3403] R3
079 2921[3034] R-1
080 1589[1597] R2

SCALING

081 1282[1141] S90
082 3375[1768] S70
083 3375[1768] S70 1282[1141] S90
084 1282[1629] S110
085 9852[10318] S101
086 3540[6006] S130
087 3540[2256] S80
088 3540[2256]S80 3540[6006]S130
089 403[382] S95
090 11873[13471] S105
091 2458[2089] S90
092 2458[2689] S102
093 3927[3060] S87
094 2536[3504] S115
095 701[1082] S117
096 701[320] S60 701[1333] S130
097 998[1142] S105
098 14186[7180] S70
099 5316[3844] S85 *
100 1589[2600] S130
101 3369[4501] S115
102 4340[1649] S60
103 15478[2620] S40
104 10376[20583] S150
105 3510[891] S50
106 37542[15878] S65
107 5264[3998] S87 5264[5858] S105
108 1241[1896] S120 4124[2145] S70
109 8640[3290] S60
110 2122[2937] S115
111 1651[1864] S105
112 2410[2231] S95
113 3564[4061] S107
114 13683[13229] S98
115 37208[38878] S102
116 1316[1288] S98
117 22865[16717] s85
118 2921[2967] S102 (2)
119 2122[1996] S95 1037[944] S97
120 18731[17279] S96

DISTORTION

121 2122[2348] V110
122 3375[3288] V95
123 2256[2736] V120
124 3540[2832] V80
125 2458[2289] V90 2458[2658] V105
126 14186[16517] V115
127 3927[3451] V85
128 3369[4219] V125
129 37542[28137] V75
130 10376[10973] V105
131 2122[2542] H115
132 3375[2780] H80
133 2256[2068] H90
134 3540[3957] H110
135 2458[2634] H105
136 14186[13661] H95
137 3927[4761] H120
138 3369[3549] H105
139 37542[35737] H95
140 10376[11467] H110 10376[8877] H85
141 1037[1034] VS5
142 3375[3462] VS8
143 2256[2304] VS2
144 3540[3597] VS3
145 2458[2533] VS4
146 14186[14362] VS1
147 3927[4002] VS6
148 3369[3378] VS3
149 37542[37545] VS4
150 10376[10464] VS3
151 1037[1028] HS3
152 3375[3450] HS7
153 2256[2300] HS5
154 3540[3597] HS2
155 2458[2513] HS6
156 14186[14344] HS4
157 3927[3983] HS1
158 3369[3395] HS2
159 37542[37570] HS5

COMBINATION

160 10376[10433] HS8 10376[10432] HS3
161 1282[2307] S150 R90
162 14186[7104] S70 R3
163 3927[3293] S90 R-7
164 2536[3603] S115 R2
165 403[407] S95 R-5
166 2458[2134] S90 R1
167 11873[13733] S105 R-2
168 3540[2382] S80 R45
169 1122[1939] S125 R-80
170 998[1142] S105 R90
171 21282[10940] S70 R-1
172 3616[1774] S70 R5
173 1241[1745] S115 R5
174 15478[11538] S85 R45
175 3369[3741] S105 R3
176 2107[3288] S120 R3
177 998[1205] S105 R45
178 1350[1430] S102 R1
179 1079[979] S95 R2 1110[1336] S110 R90
180 37542[27162] S85 R2
181 14186[17100] V118 R3
182 2122[2390] H109 HS2
183 3369[3539] V105 VS3
184 27255[28665] V103 H101
185 10376[10480] VS5 HS3
186 3505[3307] H95 VS4
187 8640[2186] H60 V40 HS6
188 1589[1650] V105 VS1
189 2624[2778] V103 VS1
190 2122[2537] V110 H103 VS2 1037[978] H95 R3
191 1651[1812] R2 S103
192 2410[2324] R2 S97
193 37208[38911] R-1 S102
194 18731[15226] S90 R3
195 22865[16778] S85 R3
196 14186[15810] H109 R3
197 1316[1465] S102 R2
198 1651[1746] V105 VS2
199 726[778] S103 R2 338[338] S95 R2
200 3375[3623] H103 VS2 3375[3355] V95 HS3


